PLUME_MODEL=[2]Beta Distribution with ALPHA and BETA parameteres
EXIT[get_points]:Read 12321 points.
ENTER[get_wind].
[0] 155.000000 2.179070 278.662791
[1] 152.000000 2.180465 278.658605
[2] 149.000000 2.181860 278.654419
[3] 146.000000 2.183256 278.650233
[4] 143.000000 2.184651 278.646047
[5] 140.000000 2.186047 278.641860
[6] 137.000000 2.187442 278.637674
[7] 134.000000 2.188837 278.633488
[8] 131.000000 2.190233 278.629302
[9] 128.000000 2.191628 278.625116
[10] 125.000000 2.193023 278.620930
[11] 122.000000 2.194419 278.616744
[12] 119.000000 2.195814 278.612558
[13] 116.000000 2.197209 278.608372
[14] 113.000000 2.198605 278.604186
[15] 110.000000 2.200000 278.600000
[16] 107.000000 2.140000 271.001818
[17] 104.000000 2.080000 263.403636
[18] 101.000000 2.020000 255.805455
[19] 98.000000 1.960000 248.207273
[20] 95.000000 1.900000 240.609091
[21] 92.000000 1.840000 233.010909
[22] 89.000000 1.780000 225.412727
[23] 86.000000 1.720000 217.814545
[24] 83.000000 1.660000 210.216364
[25] 80.000000 1.600000 202.618182
[26] 77.000000 1.540000 195.020000
[27] 74.000000 1.480000 187.421818
[28] 71.000000 1.420000 179.823636
[29] 68.000000 1.360000 172.225455
[30] 65.000000 1.300000 164.627273
[31] 62.000000 1.240000 157.029091
[32] 59.000000 1.180000 149.430909
[33] 56.000000 1.120000 141.832727
[34] 53.000000 1.060000 134.234545
[35] 50.000000 1.000000 126.636364
[36] 47.000000 0.940000 119.038182
[37] 44.000000 0.880000 111.440000
[38] 41.000000 0.820000 103.841818
[39] 38.000000 0.760000 96.243636
[40] 35.000000 0.700000 88.645455
[41] 32.000000 0.640000 81.047273
[42] 29.000000 0.580000 73.449091
[43] 26.000000 0.520000 65.850909
[44] 23.000000 0.460000 58.252727
[45] 20.000000 0.400000 50.654545
[46] 17.000000 0.340000 43.056364
[47] 14.000000 0.280000 35.458182
[48] 11.000000 0.220000 27.860000
[49] 8.000000 0.160000 20.261818
[50] 5.000000 0.100000 12.663636
	Read 1 wind days with 51 wind levels per day.
EXIT[get_wind].
Finished.
