PLUME_MODEL=[2]Beta Distribution with ALPHA and BETA parameteres
EXIT[get_points]:Read 11766 points.
ENTER[get_wind].
[0] 965.000000 14.332609 251.552174
[1] 1061.293267 14.176012 252.364956
[2] 1157.586533 14.008545 252.992956
[3] 1253.879800 13.827915 253.789257
[4] 1350.173067 13.623036 254.895605
[5] 1446.466333 13.418157 256.001954
[6] 1542.759600 13.077618 257.138787
[7] 1639.052867 12.723887 258.278585
[8] 1735.346133 12.259646 260.060384
[9] 1831.639400 11.604852 262.949182
[10] 1927.932666 10.950058 265.837980
[11] 2024.225933 10.246944 268.886873
[12] 2120.519200 9.529465 271.983363
[13] 2216.812466 8.909087 275.104350
[14] 2313.105733 8.983158 278.400542
[15] 2409.399000 9.057230 281.696735
[16] 2505.692266 9.391192 284.473577
[17] 2601.985533 10.080263 286.540790
[18] 2698.278800 10.769335 288.608004
[19] 2794.572066 11.458406 290.675217
[20] 2890.865333 12.147477 292.742430
[21] 2987.158600 12.836548 294.809643
[22] 3083.451866 12.594748 293.843627
[23] 3179.745133 12.063475 291.934364
[24] 3276.038399 11.532202 290.025101
[25] 3372.331666 11.000929 288.115838
[26] 3468.624933 10.469656 286.206575
[27] 3564.918199 9.938382 284.297312
[28] 3661.211466 9.417890 278.543089
[29] 3757.504733 8.901194 271.434610
[30] 3853.797999 8.384499 264.326131
[31] 3950.091266 7.867803 257.217653
[32] 4046.384533 7.351107 250.109174
[33] 4142.677799 6.834412 243.000696
[34] 4238.971066 6.479411 238.389706
[35] 4335.264333 6.421052 238.360526
[36] 4431.557599 6.362692 238.331346
[37] 4527.850866 6.304333 238.302166
[38] 4624.144132 6.245973 238.272987
[39] 4720.437399 6.187614 238.243807
[40] 4816.730666 6.129254 238.214627
[41] 4913.023932 6.065940 239.630500
[42] 5009.317199 5.997647 242.498810
[43] 5105.610466 5.929354 245.367120
[44] 5201.903732 5.861061 248.235430
[45] 5298.196999 5.792768 251.103740
[46] 5394.490266 5.724475 253.972050
[47] 5490.783532 5.656182 256.840361
[48] 5587.076799 5.535685 259.945169
[49] 5683.370066 5.173022 264.147057
[50] 5779.663332 4.810359 268.348945
	Read 1 wind days with 51 wind levels per day.
EXIT[get_wind].
Finished.
