PLUME_MODEL=[2]Beta Distribution with ALPHA and BETA parameteres
EXIT[get_points]:Read 11766 points.
ENTER[get_wind].
[0] 965.000000 2.667391 291.393478
[1] 1056.649111 2.728978 288.281770
[2] 1148.298222 2.768825 285.093975
[3] 1239.947333 2.800000 283.219641
[4] 1331.596445 2.800000 286.066613
[5] 1423.245556 2.800000 288.913585
[6] 1514.894667 2.751106 289.582192
[7] 1606.543778 2.676291 289.095890
[8] 1698.192889 2.601475 288.609589
[9] 1789.842000 2.492190 283.173543
[10] 1881.491111 2.382211 277.637937
[11] 1973.140222 2.281851 272.901077
[12] 2064.789334 2.209969 270.528982
[13] 2156.438445 2.138087 268.156887
[14] 2248.087556 2.066856 268.872084
[15] 2339.736667 1.996356 273.066794
[16] 2431.385778 1.925857 277.261503
[17] 2523.034889 1.729622 253.775782
[18] 2614.684000 1.460561 214.257358
[19] 2706.333112 1.191499 174.738934
[20] 2797.982223 0.922438 135.220509
[21] 2889.631334 0.653376 95.702085
[22] 2981.280445 0.384314 56.183661
[23] 3072.929556 0.462749 54.465475
[24] 3164.578667 0.699772 69.998419
[25] 3256.227778 0.936796 85.531363
[26] 3347.876889 1.173820 101.064307
[27] 3439.526001 1.410843 116.597251
[28] 3531.175112 1.647867 132.130196
[29] 3622.824223 1.869385 143.236839
[30] 3714.473334 2.063114 146.411028
[31] 3806.122445 2.256844 149.585216
[32] 3897.771556 2.450574 152.759405
[33] 3989.420667 2.644304 155.933594
[34] 4081.069779 2.838034 159.107783
[35] 4172.718890 3.031764 162.281971
[36] 4264.368001 3.117990 163.588898
[37] 4356.017112 3.145763 163.880509
[38] 4447.666223 3.173535 164.172120
[39] 4539.315334 3.201308 164.463731
[40] 4630.964445 3.229080 164.755341
[41] 4722.613556 3.256853 165.046952
[42] 4814.262668 3.284625 165.338563
[43] 4905.911779 3.282591 164.426429
[44] 4997.560890 3.243591 162.021452
[45] 5089.210001 3.204591 159.616475
[46] 5180.859112 3.165592 157.211498
[47] 5272.508223 3.126592 154.806522
[48] 5364.157334 3.087593 152.401545
[49] 5455.806446 3.048593 149.996568
[50] 5547.455557 3.009593 147.591592
	Read 1 wind days with 51 wind levels per day.
EXIT[get_wind].
Finished.
