PLUME_MODEL=[2]Beta Distribution with ALPHA and BETA parameteres
EXIT[get_points]:Read 12321 points.
ENTER[get_wind].
[0] 1700.000000 5.100000 261.900000
[1] 1927.802200 3.733187 256.797231
[2] 2155.604400 2.229304 256.058112
[3] 2383.406600 1.762764 260.185693
[4] 2611.208800 2.799919 260.624498
[5] 2839.011000 4.513661 258.325577
[6] 3066.813200 5.888158 259.332911
[7] 3294.615400 6.241645 270.290982
[8] 3522.417600 6.595131 281.249054
[9] 3750.219800 7.168936 287.287564
[10] 3978.022000 7.835674 291.250952
[11] 4205.824200 8.501623 295.181768
[12] 4433.626400 8.950325 290.142507
[13] 4661.428600 9.399026 285.103246
[14] 4889.230800 9.865303 280.201309
[15] 5117.033000 10.479238 276.453074
[16] 5344.835200 11.093173 272.704839
[17] 5572.637400 11.714386 268.972941
[18] 5800.439600 12.956943 266.635750
[19] 6028.241800 14.199501 264.298558
[20] 6256.044000 15.442058 261.961367
[21] 6483.846200 16.396612 263.548810
[22] 6711.648400 17.183072 267.426872
[23] 6939.450600 17.969532 271.304933
[24] 7167.252800 18.755992 275.182994
[25] 7395.055000 17.994981 278.367069
[26] 7622.857200 17.142246 281.510008
[27] 7850.659400 16.289510 284.652948
[28] 8078.461600 15.436775 287.795887
[29] 8306.263800 14.567890 286.908991
[30] 8534.066000 13.695920 285.252247
[31] 8761.868200 12.823949 283.595504
[32] 8989.670400 11.951979 281.938761
[33] 9217.472600 11.539469 279.881015
[34] 9445.274800 12.488645 276.634834
[35] 9673.077000 13.437821 273.388653
[36] 9900.879200 14.386997 270.142471
[37] 10128.681400 15.336173 266.896290
[38] 10356.483600 16.285348 263.650109
[39] 10584.285800 17.806397 258.813005
[40] 10812.088000 19.336412 253.950958
[41] 11039.890200 20.857470 249.092840
[42] 11267.692400 22.181186 244.321308
[43] 11495.494600 23.504901 239.549775
[44] 11723.296800 24.828617 234.778243
[45] 11951.099000 25.033338 234.111090
[46] 12178.901200 24.949484 234.502407
[47] 12406.703400 24.865631 234.893724
[48] 12634.505600 24.466375 236.496831
[49] 12862.307800 22.931187 242.464259
[50] 13090.110000 21.395998 248.431686
	Read 1 wind days with 51 wind levels per day.
EXIT[get_wind].
Finished.
